77,61,84,29,3,64,38,70,37,33,75,61,68,22,27,26,91,10,15,5,50,30,40,99,3,96,11,7,48,55,22,84,78,63,68,28,15,67,29,86,23,38,16,12,80
38,14,54,54,76,63,17,76,35,20,20,27,50,63,36,50,18,64,91,100,86,23,15,48,42,82,20,15,27,8,16,10,64,97,25,14,75,48,55,9,67,44,33,86,86
85,34,95,13,78,12,44,60,12,20,79,66,25,73,35,50,26,76,28,10,31,61,51,17,24,56,41,43,22,2,24,83,14,20,54,58,47,92,63,79,35,6,18,83,75,88,66,80,82,26,88,33,97,82,15,100,36,45,1,85,55,89,31,30,51,1,95,11,56,90,13,76,16,83,20,49,38,3,44,69,89,45,17,15,18,46,94,51,45,29,90,92,6,49,55
51,84,45,57,13,57,60,38,37,34,10,52,44,3,99,100,73,41,86,1,25,34,82,52,37,25,14,75,67,74,73,3,66,38,91,9,11,39,16,35,43,79,25,80,31,46,59,61,98,41,32,92,8,60,64,38,90,58,21,26,53,5,95,12,33,89,85,81,40,61,86,88,27,46,13,28,99,67,25,32,21,86,67,100,29,7,82,70,4,81,63,76,10,1,54
45,63,19,81,27,38,92,12,70,19,67,21,37,85,34,88,93,65,55,52,77,48,32,65,44,100,20,66,18,87,20,67,15,39,10,98,49,24,50
66,51,91,19,39,53,84,43,75,30,63,39,45,17,36,80,44,49,39,92,12,14,28,86,31,18,55,82,73,47,75,27,7,49,52,45,44,54,71
82,69,93,93,73,5,54,2,9,20,62,52,96,99,83,30,5,72,82,49,24,29,52,71,33,23,74,28,18,5,38,47,68,79,9
92,83,22,30,21,90,17,68,36,6,81,90,52,74,74,21,83,85,99,77,12,13,100,93,78,67,42,14,2,41,72,49,49,24,75
54,45,63,28,81,17,81,13,84,94,14,99,25,12,21,15,1,91,81,7,40,83,86,46,30,9,31
63,48,1,52,14,49,77,22,18,1,88,50,66,55,7,3,33,3,5,79,14,96,64,79,83,11,28
3,65,26,43,70,36,21,14,26,14,64,15,62,24,69,21,1,32,24,77,46,23,82,24,30,59,20,60,56,26,95,96,34,10,88,62,64,2,28,45,99,35,74,87,13,67,23,52,37,32,31,71,14,32,5,85,70,55,39,63,19,17,15,41,71,9,57,73,82,81,19,33,53,24,63,33,96,77,2,18,28,94,8,9,39,57,7,49,93,48,15
47,36,74,91,52,8,83,37,60,96,62,12,94,90,19,88,23,95,5,53,61,60,88,14,76,31,6,37,65,63,49,85,10,78,79,91,83,91,77,66,75,77,10,95,41,31,63,59,5,42,57,34,97,53,7,29,44,81,40,23,60,40,35,87,2,49,83,70,88,8,32,92,39,73,21,89,37,70,52,97,78,60,50,77,8,66,88,74,64,86,32
82,39,9,33,48,47,67,81,34,97,91,45,66,47,94,73,24,51,64,22,49,73,74,11,63,10,36,77,4,15,17,49,33,30,14,5,70,53,8,83,12,83,78,35,20,77,56,95,31,8,81,41,32,12,15,84,9,37,11,17,56,6,82,13,92,51,36,57,26,88,30
62,56,79,41,81,8,91,29,6,23,95,13,58,73,53,52,59,42,61,3,85,5,34,25,70,5,32,4,33,73,68,83,59,42,95,63,65,18,70,33,72,18,39,8,52,25,1,29,38,42,65,45,51,78,93,83,55,93,92,64,2,95,31,41,95,31,73,16,90,48,31
61,50,75,24,43,97,38,89,90,50,28,80,79,73,12,49,64,97,29,51,83,49,45,10,90,55,35,48,2,9,19,44,11,49,48,60,34,19,9,33,94,39,62,86,80,18,29,67,56,66,84,18,67,73,4,18,42,42,58,48,71,31,76,21,45,76,76,34,58,11
14,10,97,93,55,28,57,61,57,64,38,22,55,80,37,7,28,50,88,79,60,51,45,91,50,89,57,27,77,17,77,75,52,79,65,49,100,62,66,17,61,17,11,24,67,82,21,84,19,76,51,33,93,3,33,84,27,70,18,21,16,43,29,69,4,43,10,34,46,39
66,32,22,23,82,24,83,18,18,14,44,6,26,58,9
79,24,77,56,100,2,77,81,71,64,62,100,82,32,57
18,81,18,20,6,89,6,16,53,55,89,98,40,42,20,94,77,29,27,13,16,29,27,63,44,84,71,27,55,60,87,50,13,76,73,49,47,97,5,2,61,78,5,88,93,18,76,1,35,9,37,11,98,89,79,99,15,43,89,27,21,33,51,53,2,100,12,26,84
100,77,54,6,39,17,45,100,52,53,57,50,42,22,72,8,38,33,30,27,37,31,21,36,45,17,44,28,31,35,70,35,81,34,33,78,6,23,95,3,28,7,88,28,49,76,27,16,31,54,11,37,12,76,23,84,17,53,93,99,11,71,6,41,4,44,1,95,37